18 3127487248 71 65 235000 239000 235314 238886 0.345649 0.152434
18 3127487248 64 71 241000 242000 241580 241976 -0.0867931 0.260806
34 2155497743 47 41 4008000 4010000 4008397 4009327 -0.363165 -0.189561
34 2155497743 65 47 4098000 4100000 4098788 4099990 -0.0474807 -0.353304
34 2155497743 40 65 4118000 4120000 4118540 4119239 -0.0982369 -0.0474807
34 2155497743 41 40 4123000 4125000 4123598 4124422 -0.0323445 -0.0982369
34 2155497743 56 41 4222000 4224000 4222689 4223403 0.102852 -0.0323445
34 2155497743 65 56 4242000 4243000 4242093 4242474 -0.0156101 0.102852
34 2155497743 47 65 4706000 4708000 4706290 4707526 -0.203583 -0.18122
34 2155497743 41 47 4755000 4758000 4756589 4757596 0.140718 -0.203583
34 2155497743 68 41 4952000 4954000 4952974 4953697 -0.454161 0.140718
34 2155497743 41 68 5025000 5027000 5025220 5026114 0.128083 -0.454161
34 2155497743 64 41 5086000 5088000 5086713 5087085 -0.00637519 0.128083
39 3190235110 49 48 3593000 3596000 3593434 3594159 -0.0900935 -0.222379
39 3190235110 48 49 3869000 3871000 3869315 3870216 -0.0405514 -0.0900935
39 3190235110 54 48 4001000 4003000 4001579 4002059 -0.233489 -0.0405514
39 3190235110 57 54 4389000 4399000 4389432 4398659 -0.0509778 -0.139453
39 3190235110 65 57 4469000 4472000 4469433 4470143 0.12471 0.0346994
39 3190235110 70 65 4488000 4489000 4488259 4488984 0.203085 0.12471
39 3190235110 62 70 4498000 4501000 4498322 4499064 0.259754 0.203085
39 3190235110 56 62 4610000 4612000 4610719 4611288 0.072247 0.259754
39 3190235110 56 49 4710000 4712000 4710796 4711896 0.0445173 -0.0612761
39 3190235110 54 56 4821000 4823000 4821960 4822493 -0.32419 0.0445173
41 2485125181 56 57 4141000 4144000 4141449 4142619 0.06871 0.259355
41 2485125181 47 56 4472000 4477000 4474777 4476031 -0.114912 0.06871
41 2485125181 59 47 4491000 4494000 4491905 4493521 -0.0461236 -0.114912
41 2485125181 52 59 4514000 4518000 4514720 4517019 0.27783 -0.1746
41 2485125181 59 52 4541000 4544000 4542158 4543814 -0.093918 0.27783
41 2485125181 59 54 4555000 4557000 4555100 4556109 0.0261082 -0.296824
41 2485125181 63 49 4637000 4640000 4637369 4638428 0.0749487 -0.0552064
41 2485125181 57 63 4662000 4670000 4662456 4668905 -0.0705565 -0.0216302
41 2485125181 56 57 4843000 4848000 4843412 4847442 0.0808296 0.0271462
41 2485125181 62 56 5041000 5043000 5041689 5042783 0.235874 0.0218973
49 2395752191 53 48 5016000 5021000 5017324 5020602 0.238175 0.526292
51 1498502823 40 41 4458000 4459000 4458010 4458575 0.134851 0.203569
51 1498502823 41 40 5006000 5008000 5006336 5007856 0.015499 0.134851
54 4060754963 60 57 3827000 3829000 3827029 3828670 -0.129048 -0.189244
54 4060754963 56 60 3830000 3833000 3830675 3832005 0.0750296 -0.0452359
54 4060754963 57 56 4318000 4320000 4318955 4319995 0.149605 0.0750296
54 4060754963 48 57 4474000 4479000 4474638 4478115 0.124722 0.0799175
54 4060754963 57 48 4548000 4553000 4548151 4551228 0.0746859 0.124722
62 4277093514 69 64 2191000 2195000 2191249 2194264 -0.192604 -0.506413
62 4277093514 65 69 2269000 2272000 2269207 2271984 0.0485562 -0.0353646
63 314048185 56 60 4926000 4928000 4926389 4927125 0.0454173 -0.098697
63 314048185 41 56 5018000 5020000 5018987 5019518 0.0630436 0.119918
63 314048185 62 41 5097000 5098000 5097251 5097784 0.244984 0.0630436
63 314048185 57 62 5226000 5227000 5226252 5226983 0.135893 0.244984
63 314048185 56 57 5361000 5363000 5361190 5362235 0.0330089 0.135893
63 314048185 57 56 5467000 5470000 5467032 5469172 0.163291 0.0330089
63 314048185 61 57 5528000 5530000 5528512 5529065 -0.0496402 0.163291
73 2164286046 56 40 2326000 2329000 2326637 2328193 0.0933744 -0.270372
74 2961855574 44 41 2490000 2500000 2490236 2499520 0.326636 0.0546378
74 2961855574 41 44 2836000 2838000 2836779 2837373 -0.29584 0.234334
74 2961855574 40 41 4488000 4490000 4488531 4489552 0.0445633 -0.289355
74 2961855574 41 40 4791000 4792000 4791118 4791825 -0.301157 0.0445633
76 1192680471 53 49 995000 998000 995506 997595 0.224542 0.156661
79 851611990 64 65 3451000 3453000 3451614 3452591 0.052656 0.195418
79 851611990 69 64 3548000 3549000 3548117 3548980 0.0613433 0.052656
79 851611990 69 65 3809000 3816000 3809473 3815476 -0.128455 -0.0417754
79 851611990 47 69 3969000 3971000 3969434 3970051 -0.282251 -0.0333424
79 851611990 69 47 4043000 4045000 4043412 4044294 -0.06439 -0.282251
79 851611990 65 71 4165000 4168000 4165926 4167853 -0.0601605 0.290457
79 851611990 64 65 4609000 4612000 4609657 4611651 -0.118485 -0.0601605
79 851611990 68 64 4797000 4799000 4797098 4798136 -0.25254 -0.118485
84 1467746071 64 65 3700000 3702000 3700921 3701754 -0.0862096 -0.160979
89 3094286333 57 54 2855000 2857000 2855017 2855951 -0.0966259 0.169601
89 3094286333 48 57 3273000 3275000 3273300 3274922 0.150468 -0.0966259
89 3094286333 63 48 3276000 3278000 3276222 3277647 -0.0107452 0.150468
89 3094286333 57 63 3365000 3368000 3365818 3367241 -0.063555 -0.0107452
89 3094286333 48 57 3466000 3468000 3466882 3467948 0.156688 -0.063555
89 3094286333 61 48 3491000 3498000 3492897 3494089 -0.379635 0.156688
89 3094286333 49 61 3552000 3554000 3552464 3553722 0.0817783 -0.379635
89 3094286333 48 49 3677000 3679000 3677306 3678258 0.156007 0.0817783
109 452493160 49 48 4218000 4220000 4218045 4219190 0.0419721 0.439821
109 452493160 50 49 5141000 5143000 5141554 5142071 -0.107765 0.105077
116 240300829 68 65 4667000 4672000 4667651 4671450 -0.200581 -0.191026
121 2920966546 56 64 6607000 6608000 6607034 6607858 -0.173605 -0.553578
127 818671462 69 70 3938000 3942000 3938967 3941790 -0.0119129 0.0542732
130 3887900457 55 65 5040000 5042000 5040181 5041581 -0.109866 -0.116017
130 3887900457 55 49 5668000 5673000 5668708 5669424 -0.290547 -0.0279035
134 2639273174 63 56 4319000 4321000 4319931 4320825 0.337734 0.262337
134 2639273174 61 63 4352000 4363000 4354462 4361881 -0.339417 0.240843
134 2639273174 50 61 4437000 4439000 4437388 4438186 -0.015168 -0.247564
134 2639273174 48 50 4451000 4453000 4451666 4452235 -0.0157695 -0.015168
134 2639273174 57 48 4532000 4534000 4532709 4533400 0.136772 -0.0157695
134 2639273174 53 62 4967000 4969000 4967088 4968121 0.321914 0.142231
136 1742882896 44 41 1315000 1318000 1315486 1317151 0.276159 0.328422
136 1742882896 45 44 1359000 1361000 1359894 1360965 -0.0820999 0.185981
136 1742882896 41 45 1390000 1392000 1390273 1391280 -0.0671131 -0.0820999
136 1742882896 46 41 1520000 1521000 1520014 1520569 -0.174482 -0.0591368
136 1742882896 44 46 1564000 1569000 1564417 1568624 0.367955 -0.0872761
136 1742882896 40 44 1587000 1589000 1587862 1588473 -0.160535 0.276159
136 1742882896 44 40 1741000 1743000 1741032 1742560 0.467858 -0.0882126
136 1742882896 45 44 2152000 2154000 2152351 2153639 -0.0912489 0.367955
136 1742882896 40 45 2300000 2302000 2300085 2301112 -0.250915 -0.0912489
136 1742882896 41 40 2370000 2371000 2370525 2370890 -0.0751557 -0.250915
136 1742882896 46 41 2780000 2782000 2780864 2781650 -0.25186 -0.0751557
136 1742882896 47 46 3307000 3310000 3307050 3309136 0.0363649 -0.0972527
136 1742882896 42 47 3397000 3399000 3397051 3398448 -0.150622 -0.0275059
136 1742882896 46 42 3468000 3472000 3468844 3470227 -0.324876 -0.150622
136 1742882896 56 41 3496000 3498000 3496521 3497390 0.0933596 0
136 1742882896 41 56 3707000 3708000 3707260 3707958 -0.0212564 0.144022
136 1742882896 45 41 3720000 3722000 3720518 3721571 -0.104743 -0.0212564
136 1742882896 40 45 3852000 3854000 3852252 3853750 -0.220132 -0.104743
136 1742882896 44 40 3951000 3953000 3951402 3952116 0.377427 -0.220132
136 1742882896 41 44 4250000 4252000 4250558 4251435 -0.0100913 0.377427
136 1742882896 57 41 4393000 4395000 4393244 4394075 0.144197 -0.0171605
136 1742882896 62 42 4564000 4566000 4564457 4565212 0.121671 -0.146875
136 1742882896 63 62 4627000 4629000 4627296 4628084 0.170723 0.121671
136 1742882896 46 63 4746000 4748000 4746794 4747546 -0.393485 0.170723
136 1742882896 44 46 4847000 4849000 4847258 4848324 0.397912 -0.393485
136 1742882896 63 44 4853000 4855000 4853278 4854092 0.180106 0.397912
136 1742882896 60 63 4869000 4872000 4869689 4871927 -0.289725 0.0862834
136 1742882896 42 60 4922000 4924000 4922755 4923834 -0.151122 -0.196349
136 1742882896 42 44 5079000 5084000 5079574 5083691 0.00278718 0.467858
136 1742882896 57 42 5113000 5114000 5113225 5113917 0.145188 -0.05629
136 1742882896 63 57 5119000 5121000 5119197 5120099 0.279211 0.145188
136 1742882896 41 63 5173000 5176000 5173679 5175005 0.0236615 0.279211
136 1742882896 57 60 5376000 5378000 5376408 5377148 0.00271395 -0.362706
139 1222782020 56 57 232000 234000 232583 233584 0.0713162 0.10828
140 657644100 48 62 3343000 3349000 3343699 3348033 -0.0562697 0.288126
140 657644100 57 48 4800000 4801000 4800040 4800645 -0.092531 0.0282632
140 657644100 49 57 4810000 4812000 4810597 4811857 0.160223 -0.092531
153 102544022 70 64 3459000 3462000 3459775 3461708 0.0968813 0.18469
153 102544022 64 70 3687000 3690000 3687605 3689664 -0.258394 0
154 666104761 40 44 1982000 1984000 1982653 1983558 -0.0779225 -0.16438
154 666104761 45 46 3931000 3933000 3931307 3932182 0.160175 -0.0878007
154 666104761 44 45 4031000 4036000 4031962 4035089 0.14077 0.103854
154 666104761 43 44 4146000 4147000 4146343 4146989 -0.0480627 0.240002
154 666104761 45 43 4203000 4205000 4203584 4204296 0.220211 -0.0480627
154 666104761 56 45 4604000 4606000 4604837 4605322 -0.0126777 0.220211
154 666104761 44 56 4607000 4609000 4607888 4608482 0.21317 -0.0126777
154 666104761 47 44 4616000 4618000 4616923 4617500 -0.0404326 0.21317
154 666104761 46 47 4640000 4642000 4640422 4641260 -0.0798755 -0.0404326
154 666104761 40 46 4653000 4656000 4653562 4655735 0.0577829 -0.0798755
154 666104761 45 40 5058000 5060000 5058426 5059098 0.241973 0.0577829
154 666104761 46 45 5187000 5188000 5187239 5187641 -0.067293 0.241973
160 371917197 47 41 4121000 4127000 4121974 4126714 -0.260698 -0.230623
160 371917197 40 47 4351000 4354000 4351788 4353317 0.13525 -0.175341
160 371917197 41 40 5251000 5253000 5251740 5252444 0.143394 0.197351
160 371917197 46 41 5472000 5474000 5472696 5473871 0.065556 0.143394
160 371917197 70 46 5829000 5830000 5829162 5829866 -0.0018731 0.065556
160 371917197 40 70 5858000 5860000 5858506 5859085 0.104002 -0.0018731
165 3832305921 63 56 2497000 2500000 2497510 2499412 0.0748294 0.0843493
165 3832305921 57 63 2537000 2538000 2537168 2537922 -0.0433806 0.00577924
165 3832305921 57 56 3743000 3748000 3743325 3747551 -0.136891 -0.117067
169 2715960257 61 56 2208000 2210000 2208970 2209869 0.0833793 0.0326947
169 2715960257 57 61 2344000 2346000 2344707 2345163 0.123828 0.0833793
169 2715960257 60 57 2517000 2520000 2517192 2519073 -0.18715 0.123828
172 3815990172 57 56 4958000 4960000 4958969 4959754 -0.0614252 -0.393827
175 3882071128 49 46 2982000 2985000 2982924 2984059 0.134005 0.317827
175 3882071128 46 49 3177000 3179000 3177355 3178530 -0.0474031 0.134005
175 3882071128 54 46 3293000 3296000 3293706 3295054 -0.0420129 -0.0474031
175 3882071128 56 54 3296000 3299000 3296657 3298297 -0.057183 -0.0420129
175 3882071128 41 56 3305000 3308000 3306520 3307485 0.169066 -0.057183
175 3882071128 60 41 3422000 3424000 3422205 3423027 -0.249763 0.169066
175 3882071128 57 60 3465000 3467000 3465972 3466900 -0.108814 -0.249763
175 3882071128 56 57 3486000 3487000 3486261 3486841 -0.0508546 -0.108814
175 3882071128 55 56 3541000 3543000 3541632 3542732 -0.126508 -0.0508546
175 3882071128 57 55 3551000 3553000 3551646 3552203 -0.147567 -0.126508
175 3882071128 48 57 3561000 3564000 3562154 3563345 0.0832309 -0.147567
175 3882071128 56 48 3822000 3823000 3822001 3822530 -0.0582381 0.163475
175 3882071128 57 56 3828000 3830000 3828848 3829499 -0.138106 -0.0582381
175 3882071128 41 57 3921000 3923000 3921320 3922398 0.180405 -0.138106
175 3882071128 57 41 4058000 4061000 4058786 4060689 -0.107034 0.180405
175 3882071128 40 57 4212000 4215000 4212627 4214970 0.0571551 -0.107034
175 3882071128 46 40 4494000 4496000 4494677 4495814 -0.0501117 0.0757448
175 3882071128 41 46 4525000 4527000 4525893 4526977 0.209445 -0.0501117
182 347338249 63 57 3795000 3798000 3795923 3796905 0.180392 0.321961
182 347338249 40 63 3938000 3939000 3938006 3938797 0.113433 0.0442408
182 347338249 63 40 4125000 4127000 4125327 4126742 0.113105 0.113433
182 347338249 65 63 4167000 4169000 4167547 4168880 -0.054385 0.113105
182 347338249 63 65 4270000 4272000 4270151 4271797 0.0824245 -0.054385
182 347338249 56 52 4327000 4330000 4328402 4329047 -0.0358856 0.240305
182 347338249 71 56 4351000 4353000 4351821 4352605 0.0489343 -0.0358856
182 347338249 57 49 4372000 4373000 4372199 4372565 -0.100289 0.0468148
182 347338249 61 57 4446000 4448000 4446250 4447636 -0.188177 -0.100289
182 347338249 49 47 4529000 4536000 4533518 4535528 0.0624299 -0.194208
182 347338249 57 49 4542000 4543000 4542017 4542754 -0.0423501 0.0624299
182 347338249 65 57 4547000 4550000 4547452 4549139 -0.058088 -0.0423501
182 347338249 60 65 4568000 4570000 4568570 4569004 -0.228826 -0.058088
182 347338249 55 69 4605000 4607000 4605225 4606184 -0.0714996 -0.295413
182 347338249 42 51 4626000 4628000 4626281 4626749 0.0753437 0.246866
182 347338249 51 42 4640000 4642000 4640926 4641647 0.200538 0.0753437
182 347338249 61 51 4641000 4643000 4641948 4642878 -0.273391 0.200538
182 347338249 63 61 4670000 4672000 4671274 4671701 0.10375 -0.273391
182 347338249 45 63 4693000 4695000 4693598 4694102 0.32768 0.10375
182 347338249 69 45 4713000 4717000 4713534 4714342 -0.307501 0.32768
182 347338249 64 69 4731000 4732000 4731274 4731674 -0.0388145 -0.307501
182 347338249 48 64 4757000 4761000 4757701 4758271 0.171311 -0.0388145
182 347338249 45 66 4788000 4790000 4789274 4789858 0.320801 -0.0925112
182 347338249 66 45 4839000 4841000 4839999 4840977 -0.0638422 0.320801
182 347338249 42 66 4852000 4855000 4852588 4853153 0.0718011 -0.0638422
182 347338249 63 57 4874000 4879000 4874554 4876036 0.108937 -0.101592
182 347338249 56 63 4888000 4890000 4888165 4889485 -0.0466279 0.108937
182 347338249 42 56 4990000 4994000 4990611 4993794 0.0883583 -0.0466279
182 347338249 68 42 5057000 5059000 5057898 5058632 -0.117121 -0.000157002
187 653071397 53 40 3512000 3514000 3512731 3513383 0.179245 0.132142
187 653071397 47 53 3569000 3573000 3569543 3572331 -0.180827 0.0816608
187 653071397 44 47 3730000 3735000 3730729 3734466 0.188703 -0.180827
187 653071397 48 40 3896000 3898000 3896621 3897403 0.0908876 -0.075463
187 653071397 40 48 3933000 3935000 3933865 3934856 -0.0855422 0.0908876
187 653071397 41 40 4140000 4142000 4141056 4141965 0.0570938 -0.0855422
187 653071397 55 56 4223000 4226000 4223927 4225379 -0.0317107 0.00208993
187 653071397 60 55 4227000 4228000 4227249 4227890 -0.379617 -0.0317107
187 653071397 48 54 4268000 4269000 4268043 4268820 0.0906755 -0.186663
187 653071397 57 48 4290000 4294000 4290769 4292170 0.00839349 0.0906755
187 653071397 70 57 4296000 4299000 4297367 4298549 0.343737 0.0633887
187 653071397 42 70 4300000 4301000 4300020 4300882 -0.125658 0.343737
187 653071397 62 42 4332000 4334000 4332640 4333582 0.0656906 -0.125658
187 653071397 42 62 4360000 4361000 4360054 4360920 -0.128924 0.0465471
187 653071397 58 42 4366000 4369000 4366151 4368314 0.140612 -0.128924
187 653071397 44 58 4369000 4372000 4370867 4371424 0.126339 0.140612
187 653071397 45 44 4388000 4391000 4388640 4389386 0.310041 0.126339
187 653071397 40 45 4401000 4404000 4401116 4403448 -0.102031 0.382603
187 653071397 46 40 4479000 4486000 4479570 4483247 -0.112425 -0.102031
187 653071397 49 46 4501000 4503000 4501750 4502078 -0.0414465 -0.163632
187 653071397 53 43 4543000 4553000 4543830 4552603 0.275632 -0.161552
187 653071397 57 53 4562000 4565000 4563533 4564468 0.0920333 0.192823
187 653071397 61 57 4700000 4703000 4701373 4702930 -0.019776 0.0920333
187 653071397 48 61 4706000 4709000 4706665 4707594 -0.091588 -0.019776
187 653071397 42 48 4725000 4726000 4725249 4725914 -0.173992 -0.091588
187 653071397 63 42 4741000 4742000 4741107 4741825 0.305568 -0.173992
187 653071397 57 52 4992000 4994000 4992681 4993687 -0.0287478 0.237679
187 653071397 63 57 4998000 5001000 4998969 5000295 0.220358 -0.0287478
187 653071397 49 63 5006000 5010000 5007601 5009854 0.000915987 0.305568
187 653071397 48 49 5038000 5042000 5038539 5041934 0.0649258 0.0509003
187 653071397 49 48 5240000 5243000 5240551 5241010 -0.0790576 -0.00309827
188 3947187721 57 40 4145000 4147000 4145829 4146726 0.0949104 -0.212492
188 3947187721 56 57 4390000 4392000 4390820 4391388 0.0968062 0.0949104
194 396870007 40 41 3095000 3098000 3095023 3097761 0.0644269 -0.00522546
194 396870007 47 40 4161000 4163000 4161435 4162601 0.0401428 0.0638242
195 3692226616 40 41 5010000 5011000 5010316 5010669 0.184312 0.0514538
195 3692226616 41 40 5064000 5066000 5064298 5065002 -0.169444 0.184312
195 3692226616 45 41 5083000 5085000 5083503 5084715 0.169357 -0.169444
205 2011927731 71 64 4632000 4635000 4632217 4634475 0.318732 0.179888
205 2011927731 68 71 4696000 4698000 4696127 4697763 -0.146291 0.227071
205 2011927731 68 71 4837000 4839000 4837316 4838215 -0.233743 0.336678
205 2011927731 65 64 4965000 4967000 4965479 4966724 -0.0755986 -0.231511
205 2011927731 67 65 5203000 5204000 5203522 5203982 -0.0500818 -0.070741
205 2011927731 65 53 5216000 5223000 5216246 5222099 0.0283218 -0.0470067
205 2011927731 69 65 5300000 5302000 5300735 5301301 -0.209587 -0.061488
205 2011927731 71 69 6179000 6182000 6179877 6181833 0.50064 -0.1244
205 2011927731 69 71 6648000 6650000 6648515 6649766 -0.361021 0.415343
205 2011927731 48 69 6683000 6684000 6683189 6683509 0.115436 -0.361021
215 229262898 62 56 730000 733000 730135 732074 0.318417 0.17364
215 229262898 57 62 938000 940000 938688 939585 -0.181689 0.224558
215 229262898 56 57 1363000 1364000 1363007 1363521 -0.179084 -0.181689
221 2709594469 65 41 5599000 5601000 5599132 5600191 0.102251 -0.442992
225 3251047610 46 41 4115000 4117000 4115044 4116871 0.0503462 0.188629
225 3251047610 42 46 4155000 4158000 4155399 4157028 -0.0171638 0.0503462
225 3251047610 46 64 4249000 4250000 4249123 4249535 0.0387394 -0.0804933
225 3251047610 71 46 4268000 4270000 4268797 4269505 0.0556626 0.0387394
225 3251047610 45 69 4324000 4327000 4324482 4325551 0.139539 -0.170872
225 3251047610 47 45 4355000 4358000 4355700 4356564 -0.204351 0.139539
225 3251047610 41 47 4449000 4452000 4449807 4450740 -0.0240314 -0.204351
225 3251047610 65 64 4511000 4513000 4511436 4512354 -0.0122554 -0.106176
227 1769661476 53 49 4941000 4947000 4941847 4945499 0.428279 0.307815
227 1769661476 49 53 4969000 4971000 4969687 4970469 -0.170363 0.351697
227 1769661476 50 49 4976000 4978000 4976862 4977970 -0.174972 -0.170363
227 1769661476 52 50 5053000 5055000 5053840 5054678 -0.0344141 -0.174972
230 4189090967 44 40 2507000 2509000 2507902 2508922 0.249416 0.231836
230 4189090967 40 44 4202000 4203000 4202119 4202570 -0.119107 0.0935581
230 4189090967 41 40 4400000 4402000 4400532 4401253 -0.0967127 -0.119107
239 1512710625 63 56 4229000 4237000 4229836 4236258 0.0980307 0.392304
239 1512710625 45 63 4308000 4311000 4308824 4310489 0.199555 0.0132035
239 1512710625 47 45 4409000 4411000 4409385 4410862 0.0810904 0.199555
239 1512710625 56 47 4466000 4468000 4466346 4467454 -0.0647848 0.0810904
239 1512710625 57 56 4532000 4535000 4532287 4533298 -0.102346 -0.0647848
239 1512710625 41 57 4755000 4757000 4755034 4756317 0.0611696 -0.102346
239 1512710625 61 41 4974000 4976000 4974417 4975213 -0.130882 0.0611696
239 1512710625 40 61 5022000 5023000 5022089 5022420 0.0648349 -0.130882
239 1512710625 47 40 5050000 5052000 5050828 5051403 0.0811355 0.0648349
239 1512710625 41 47 5072000 5073000 5072128 5072630 0.042831 0.0811355
250 3257931556 56 41 4607000 4610000 4607535 4609123 -0.0685986 0.295506
261 835046036 48 64 7003000 7005000 7003640 7004968 0.0970066 -0.201272
282 4076341587 70 64 4405000 4408000 4405715 4407593 0.074455 -0.270305
282 4076341587 71 70 4830000 4832000 4830683 4831597 0.107776 0.074455
282 4076341587 64 71 5246000 5249000 5246548 5248082 -0.173862 0.107776
282 4076341587 65 64 5374000 5377000 5375984 5376515 -0.1302 -0.173862
282 4076341587 69 65 5384000 5385000 5384138 5384611 -0.19453 -0.1302
282 4076341587 65 69 5643000 5645000 5643904 5644254 -0.13235 -0.192842
283 3434878295 49 48 4030000 4032000 4030980 4031279 0.110092 0.149693
293 1702428730 57 56 3938000 3940000 3938496 3939585 -0.08535 -0.0335479
301 1935405650 65 64 4430000 4434000 4431024 4433501 0.0294494 0.354837
302 171665435 41 40 5331000 5332000 5331097 5331573 -0.0989057 -0.307605
302 171665435 40 41 5355000 5356000 5355054 5355505 -0.0768679 -0.0989057
305 4210071814 55 40 4135000 4138000 4135247 4137102 -0.131807 -0.34876
305 4210071814 49 55 4379000 4383000 4379821 4381254 0.0404122 -0.0514631
309 2768461395 64 65 4844000 4846000 4844703 4845265 0.123936 -0.0157509
309 2768461395 65 64 5031000 5033000 5031311 5032381 -0.0444224 0.123936
309 2768461395 48 65 5115000 5117000 5115941 5116344 -0.0850598 -0.0444224
309 2768461395 65 48 5129000 5130000 5129183 5129865 -0.00279603 -0.0850598
319 3328692125 54 49 3507000 3508000 3507144 3507814 0.00530326 -0.0142728
319 3328692125 55 54 3600000 3603000 3600866 3602330 -0.137984 0.00530326
319 3328692125 52 55 3898000 3900000 3898266 3899149 0.28719 -0.137984
319 3328692125 55 52 3900000 3906000 3900071 3905329 -0.302983 0.198591
319 3328692125 53 55 3949000 3951000 3949915 3950932 0.297328 -0.236651
319 3328692125 44 53 3990000 3992000 3990086 3991110 0.0942543 0.320033
319 3328692125 61 44 4081000 4082000 4081078 4081771 -0.443619 0.0942543
319 3328692125 54 61 4126000 4127000 4126248 4126661 0.00270277 -0.443619
319 3328692125 52 54 4804000 4807000 4804941 4805428 0.370644 -0.0266064
319 3328692125 53 52 4992000 4995000 4992577 4993210 0.105763 0.271517
319 3328692125 40 47 5093000 5098000 5095615 5097736 -0.120475 -0.126202
319 3328692125 53 40 5142000 5150000 5142275 5148897 0.18168 -0.120475
319 3328692125 68 53 5175000 5179000 5176716 5178157 -0.0830372 0.18168
319 3328692125 46 68 5193000 5197000 5194781 5195215 -0.0829017 -0.182749
321 1659754013 63 56 4602000 4603000 4602139 4602869 0.198971 0.00974554
321 1659754013 61 63 4610000 4612000 4610575 4611885 -0.308354 0.121093
321 1659754013 64 61 4783000 4785000 4783855 4784510 0.127942 -0.21693
321 1659754013 61 64 4838000 4841000 4838712 4840075 -0.211958 0.127942
321 1659754013 64 57 4966000 4967000 4966286 4966857 0.117077 0.00814234
321 1659754013 56 64 5131000 5134000 5131775 5133012 0.0362249 0.117077
324 3720962927 46 41 2613000 2617000 2613179 2616397 -0.276759 0.151552
324 3720962927 45 46 2635000 2637000 2635558 2636179 0.0803181 -0.201491
324 3720962927 45 41 3525000 3528000 3525699 3526346 0.0822554 0.434204
324 3720962927 41 45 3562000 3564000 3562326 3563632 0.395221 0.0822554
324 3720962927 60 41 4193000 4195000 4193332 4194303 -0.223898 0.395221
324 3720962927 63 60 4345000 4347000 4345708 4346603 -0.016339 -0.223898
324 3720962927 41 63 4410000 4412000 4410086 4411353 0.408604 -0.016339
326 3169104581 71 48 4112000 4114000 4112656 4113199 0.323754 -0.235296
326 3169104581 69 71 4173000 4177000 4173600 4176389 -0.213599 0.226775
326 3169104581 69 68 4259000 4261000 4259749 4260290 -0.137968 -0.0116288
326 3169104581 71 69 4403000 4405000 4403334 4404073 0.404421 -0.136448
326 3169104581 64 71 4435000 4443000 4435941 4442103 -0.114295 0.320472
326 3169104581 65 64 4918000 4921000 4918100 4920708 -0.0896497 -0.114295
326 3169104581 71 65 5112000 5114000 5112557 5113576 0.48163 0
326 3169104581 69 71 5255000 5257000 5255454 5256247 -0.114709 0.48163
328 3094003567 45 41 1660000 1661000 1660045 1660806 0.154027 0.190981
328 3094003567 40 45 2481000 2482000 2481365 2481957 0.122981 0.209459
328 3094003567 45 40 2584000 2586000 2584238 2585320 0.13133 0.122981
328 3094003567 40 45 2802000 2805000 2803299 2804148 0.100106 0.13133
328 3094003567 47 40 3122000 3124000 3122488 3123275 0.0118179 0.12206
328 3094003567 41 47 3228000 3230000 3228322 3229155 0.0105977 0.0730994
328 3094003567 40 41 3897000 3899000 3897523 3898012 0.122593 0.0105977
336 1427356590 47 40 5445000 5448000 5445518 5447308 -0.34432 -0.07903
342 3233930021 70 65 5276000 5278000 5276437 5277814 0.145737 0.188935
342 3233930021 64 70 5286000 5288000 5286681 5287679 -0.0549055 0.0624977
342 3233930021 69 64 5330000 5332000 5330458 5331096 -0.128772 -0.0549055
344 2082618336 71 64 1897000 1900000 1897986 1899151 0.25731 0.177879
355 950422171 49 48 622000 623000 622659 622957 -0.0892981 0
369 2712815579 46 40 4911000 4913000 4911566 4912567 -0.12602 -0.160741
369 2712815579 70 44 4935000 4938000 4935769 4937232 0.136986 0.0781722
382 4291121566 56 40 4478000 4479000 4478362 4478807 0.048035 -0.0711031
382 4291121566 40 56 4556000 4560000 4556580 4557343 -0.0396525 0.050031
382 4291121566 57 41 4790000 4791000 4790229 4790898 0.0431141 -0.0418321
382 4291121566 56 57 4803000 4807000 4803582 4805154 0.0417918 0.0431141
382 4291121566 46 41 5250000 5252000 5250727 5251693 -0.367638 -0.0843774
395 2126671188 65 64 2221000 2222000 2221189 2221700 0.149548 -0.00717844
397 2443054642 61 49 3831000 3832000 3831436 3831837 -0.440705 0.121377
397 2443054642 49 61 3868000 3869000 3868176 3868851 0.0394751 -0.440705
412 3026625140 65 64 2684000 2686000 2684102 2685188 0.0224644 0.264625
412 3026625140 64 65 2752000 2754000 2752090 2753246 0.0717386 0.0224644
421 4252094133 47 40 5105000 5108000 5105398 5107827 -0.120206 -0.0912102
428 1717302625 68 65 1982000 1986000 1982664 1985131 -0.21963 -0.230177
428 1717302625 48 68 2200000 2202000 2200304 2201666 0.109381 -0.21963
428 1717302625 52 48 2211000 2214000 2211650 2213168 0.185812 0.109381
428 1717302625 48 52 2618000 2620000 2618808 2619652 -0.0495411 0.0960024
434 346759752 41 40 3088000 3089000 3088130 3088601 0.0735233 0.305096
438 499591439 52 48 4598000 4600000 4598896 4599612 0.196227 -0.0295966
438 499591439 53 52 4664000 4665000 4664013 4664502 0.487863 0.196227
448 2719321527 63 61 4637000 4640000 4637527 4639260 0.258029 0.314799
448 2719321527 56 63 4665000 4669000 4665832 4668351 0.0531588 0.258029
448 2719321527 60 56 4700000 4702000 4700498 4701302 -0.125827 0.0531588
448 2719321527 47 41 4826000 4829000 4826502 4827084 -0.243962 0.0118168
448 2719321527 62 47 4924000 4927000 4924522 4926045 0.332407 -0.274071
448 2719321527 47 62 4936000 4939000 4937312 4938217 -0.220071 0.332407
448 2719321527 61 47 5207000 5209000 5207267 5208234 -0.100072 -0.220071
448 2719321527 41 61 5401000 5402000 5401030 5401778 -0.00656421 -0.100072
451 652955080 53 49 5012000 5014000 5012915 5013560 0.19216 -0.0928427
461 3985201132 53 49 3323000 3325000 3323450 3324603 0.268064 0.0791501
461 3985201132 48 53 4657000 4659000 4657495 4658589 -0.0950183 0.14711
487 3867631443 48 56 4316000 4318000 4316627 4317108 0.117142 -0.166755
487 3867631443 56 48 4408000 4411000 4409212 4410084 -0.0200884 0.117142
487 3867631443 63 56 4834000 4836000 4834147 4835678 0.00900835 -0.0200884
487 3867631443 48 63 4879000 4881000 4879961 4880419 0.113975 0.00900835
491 3914064129 48 49 4514000 4518000 4514856 4517559 0.122051 0.223926
495 2915725624 49 48 5354000 5356000 5354694 5355234 0.0581584 0.156826
497 288931264 67 64 5460000 5461000 5460135 5460758 0.00528843 0.355236
507 2222114977 71 64 1348000 1350000 1348020 1349879 0.297209 0.38414
507 2222114977 65 71 1556000 1559000 1556552 1557046 -0.165216 0.206122
508 3518481211 48 64 5050000 5053000 5050612 5052499 0.121615 -0.167277
508 3518481211 71 48 5090000 5094000 5092047 5093142 0.201129 0.0228179
510 3394362338 45 40 5097000 5100000 5097970 5099158 0.29361 0.258632
510 3394362338 46 45 5242000 5244000 5242208 5243360 -0.250134 0.19591
510 3394362338 65 46 5247000 5249000 5247490 5248228 0.0918117 -0.250134
523 3837841618 47 45 3208000 3210000 3208563 3209889 -0.178126 -0.268998
523 3837841618 44 47 3358000 3360000 3358737 3359195 0.343767 -0.101938
523 3837841618 40 44 3449000 3451000 3449631 3450238 0.0904069 0.343767
523 3837841618 41 40 3645000 3653000 3645386 3652387 -0.060723 0.0904069
523 3837841618 45 41 3653000 3654000 3653521 3653924 0.0571644 -0.153923
523 3837841618 41 47 3885000 3887000 3885788 3886843 -0.111659 -0.246902
523 3837841618 40 41 3978000 3981000 3978551 3980028 -0.0933985 -0.111659
523 3837841618 41 40 4897000 4900000 4897951 4899422 -0.132596 -0.140579
524 2705732632 40 41 2624000 2628000 2624311 2627632 0.111608 0.235181
531 479382945 71 64 4411000 4416000 4411305 4415166 0.311994 0.169657
531 479382945 68 71 4637000 4638000 4637384 4637772 -0.177322 0.21262
531 479382945 65 68 4820000 4821000 4820565 4820971 -0.0594563 -0.177322
531 479382945 70 65 4865000 4866000 4865019 4865458 -0.00481871 -0.0594563
535 1360447349 55 48 5130000 5131000 5130240 5130570 -0.0542358 0.0996419
537 3194109088 71 65 3346000 3349000 3346090 3348002 0.388818 0.222992
537 3194109088 68 71 3583000 3585000 3583475 3584564 -0.20622 0.2965
537 3194109088 71 68 3613000 3615000 3613739 3614667 0.289782 -0.20622
537 3194109088 68 69 3652000 3655000 3653267 3654225 -0.237678 -0.102485
537 3194109088 71 68 3956000 3962000 3957071 3961070 0.478794 -0.140111
537 3194109088 68 71 4207000 4210000 4208670 4209324 -0.331331 0.414213
537 3194109088 70 68 4385000 4387000 4385093 4386626 -0.0559719 -0.331331
537 3194109088 45 70 4960000 4963000 4960453 4962800 0.228754 -0.0696765
537 3194109088 70 65 5017000 5018000 5017379 5017792 0.0531788 -0.00781997
537 3194109088 46 71 5101000 5104000 5102569 5103135 -0.0177017 0.536494
537 3194109088 68 46 5106000 5111000 5106708 5109078 -0.191696 -0.0177017
549 1210144639 46 44 2105000 2107000 2105929 2106892 -0.206666 0.127179
549 1210144639 41 46 2149000 2151000 2149404 2150107 -0.0610922 -0.206666
549 1210144639 40 41 2849000 2851000 2849656 2850590 -0.0931403 -0.0904471
553 1410477784 63 57 518000 520000 519353 519931 0.0950347 0.182703
553 1410477784 60 63 625000 627000 625783 626691 -0.0867029 0
553 1410477784 56 60 665000 668000 665580 667261 -0.0923445 -0.0867029
553 1410477784 57 56 2023000 2025000 2023738 2024773 -0.208223 -0.173698
553 1410477784 56 57 3485000 3488000 3485776 3487961 -0.0963131 -0.208223
556 793527223 56 57 5254000 5256000 5254045 5255423 0.0885215 0.0662183
568 3775842311 41 47 3839000 3842000 3840810 3841363 -0.172296 -0.174684
568 3775842311 41 40 5002000 5004000 5002762 5003784 -0.15813 -0.0824903
568 3775842311 47 41 5151000 5153000 5151871 5152457 -0.179514 -0.15813
568 3775842311 41 47 5158000 5159000 5158155 5158896 -0.176971 -0.179514
586 2219484130 55 49 4081000 4082000 4081105 4081862 -0.0283866 -0.0194626
586 2219484130 52 55 4168000 4171000 4168144 4170014 0.344827 -0.0283866
586 2219484130 48 52 4240000 4242000 4240840 4241786 0.125572 0.344827
586 2219484130 55 48 4702000 4704000 4702390 4703230 -0.190312 0.0115195
587 3381948952 55 49 4347000 4350000 4347599 4348110 -0.111196 0.0904738
587 3381948952 51 53 4582000 4585000 4582539 4584055 -0.107495 0.62983
587 3381948952 49 50 4624000 4627000 4624878 4626585 -0.226796 -0.188378
587 3381948952 51 49 4806000 4808000 4806108 4807693 -0.0194832 -0.161049
587 3381948952 51 48 5063000 5066000 5063811 5065342 -0.0574733 0.148646
601 243362270 61 57 3601000 3603000 3601098 3602365 0.121596 0.205033
601 243362270 45 56 3715000 3717000 3715803 3716364 0.0867085 0.0475004
601 243362270 43 45 3722000 3725000 3723420 3724587 -0.206033 0.0867085
601 243362270 62 43 3745000 3746000 3745116 3745991 0.369845 -0.206033
601 243362270 57 62 3815000 3816000 3815353 3815675 0.00113444 0.369845
601 243362270 60 57 4769000 4771000 4769886 4770446 -0.455323 -0.205638
601 243362270 56 60 5025000 5029000 5025694 5026563 -0.0717743 -0.455323
601 243362270 52 56 5083000 5085000 5083539 5084730 0.25638 -0.0717743
601 243362270 46 52 5112000 5114000 5112293 5113410 -0.270192 0.25638
601 243362270 56 46 5114000 5116000 5114706 5115929 -0.09287 -0.270192
601 243362270 57 56 5129000 5130000 5129265 5129767 -0.0710721 -0.0540574
603 334504692 53 49 3128000 3131000 3128673 3130005 0.311447 0.245978
603 334504692 48 53 4406000 4408000 4406668 4407784 -0.10996 0.139976
625 1988801873 48 56 4212000 4215000 4212896 4213535 0.155529 -0.376857
634 3825174277 65 40 5261000 5262000 5261154 5261801 0.0972409 -0.298746
641 2023880659 64 65 4403000 4406000 4403559 4405123 0.0827122 0.274406
641 2023880659 71 64 4668000 4671000 4668813 4669980 0.163085 0.206415
650 2316011980 71 65 131000 137000 131429 136271 0.307848 0.128968
650 2316011980 49 71 161000 163000 161440 162373 0.0934905 0.211947
650 2316011980 55 49 3140000 3141000 3140577 3140952 -0.0803152 0.193899
650 2316011980 64 55 3323000 3325000 3323690 3324575 -0.0536413 -0.0803152
650 2316011980 65 64 3396000 3398000 3396562 3397240 -0.126776 -0.072933
650 2316011980 48 65 3452000 3454000 3452126 3453473 0.0504007 -0.126776
650 2316011980 68 48 3475000 3478000 3476824 3477454 -0.127597 0.0504007
650 2316011980 67 71 4114000 4116000 4114780 4115493 0.0641131 0.47874
650 2316011980 68 67 4136000 4138000 4136873 4137700 -0.123095 0.0641131
650 2316011980 69 55 4475000 4479000 4475423 4477711 -0.239971 -0.087538
650 2316011980 70 69 4482000 4485000 4482039 4484918 -0.0908966 -0.239971
650 2316011980 48 68 4715000 4716000 4715237 4715955 0.0116866 -0.196259
650 2316011980 70 48 4742000 4746000 4743189 4745493 0.0721903 -0.0416225
650 2316011980 64 70 4758000 4761000 4758099 4759081 0.0686759 0.0721903
650 2316011980 69 64 4803000 4805000 4803310 4803974 -0.112491 0.0686759
650 2316011980 70 68 4868000 4870000 4868916 4869887 0.0969046 -0.0358306
650 2316011980 67 68 4991000 4994000 4992597 4993368 0.0707094 -0.0456525
650 2316011980 65 67 5085000 5089000 5085004 5088637 -0.17229 -0.00635453
664 1978131812 60 48 4601000 4603000 4601021 4601699 -0.0513675 0.0322228
664 1978131812 57 60 4604000 4606000 4604450 4605113 0.129703 -0.0513675
664 1978131812 56 57 5136000 5138000 5136901 5137931 0.0921421 0.136557
666 2919121080 55 48 2087000 2100000 2087452 2098972 -0.159035 -0.199353
666 2919121080 49 55 2279000 2281000 2279120 2280349 0.0915714 -0.0650218
666 2919121080 52 49 2769000 2770000 2769091 2769585 0.0665523 0.0915714
666 2919121080 53 52 2775000 2777000 2775838 2776318 0.088505 0.0665523
666 2919121080 49 53 2859000 2861000 2859973 2860961 0.0808499 0.088505
666 2919121080 55 48 3059000 3061000 3059836 3060461 -0.0775055 0.284771
666 2919121080 48 55 3312000 3314000 3312623 3313049 0.282761 -0.0775055
666 2919121080 49 48 3496000 3498000 3496682 3497100 0.0893685 0.282761
671 362774274 56 57 6322000 6324000 6322326 6323500 0.0984806 0.2182
671 362774274 57 56 6632000 6634000 6632740 6633126 0.0308127 0.0984806
687 4164690595 54 48 4644000 4646000 4644337 4645167 0.0567377 0.114083
687 4164690595 55 54 5088000 5090000 5088432 5089289 -0.104995 0.0567377
687 4164690595 48 55 5110000 5112000 5110805 5111390 -0.032347 -0.104995
689 2293866200 61 41 3315000 3317000 3315221 3316514 0.0500462 -0.287721
689 2293866200 57 47 3516000 3521000 3516610 3520532 -0.107026 -0.131249
692 879666952 40 41 5439000 5441000 5439731 5440372 0.118117 0.0648057
692 879666952 41 40 5441000 5443000 5441640 5442488 -0.0207101 0.118117
697 849305425 44 41 4597000 4600000 4597901 4599023 0.260914 -0.0174438
697 849305425 40 44 4840000 4844000 4840651 4843983 -0.121017 0.0708617
697 849305425 46 40 4883000 4886000 4883840 4885976 -0.110939 -0.121017
697 849305425 43 65 4907000 4909000 4907977 4908559 0.0603305 -0.0848176
697 849305425 46 43 4933000 4934000 4933125 4933626 -0.0140857 0.0603305
697 849305425 47 46 5062000 5063000 5062144 5062984 0.0445998 -0.0140857
702 3621137163 44 41 2403000 2406000 2403630 2405420 0.197062 0.223574
702 3621137163 41 44 2416000 2418000 2416624 2417333 -0.0740828 0.0993975
702 3621137163 56 41 2488000 2490000 2488659 2489933 0.135725 -0.0740828
702 3621137163 57 56 4412000 4414000 4412574 4413392 0.00199908 0.23241
702 3621137163 41 57 4876000 4879000 4876332 4878220 -0.089441 0.00199908
702 3621137163 47 41 4979000 4980000 4979021 4979720 -0.150558 -0.089441
702 3621137163 41 47 5073000 5075000 5073260 5074503 -0.0860171 -0.150558
702 3621137163 40 41 5281000 5282000 5281202 5281986 -0.0991304 -0.0860171
712 3361474216 57 41 5046000 5048000 5046865 5047256 0.0739039 -0.252296
712 3361474216 41 57 5070000 5074000 5071092 5073159 0.0438364 0.0739039
730 595276807 57 56 2778000 2779000 2778369 2778737 0.0897234 0.209681
730 595276807 56 57 2980000 2983000 2980948 2982227 -0.0624896 0.0897234
730 595276807 57 56 3126000 3128000 3126824 3127945 0.0817699 -0.0624896
744 118793216 65 57 4683000 4686000 4683785 4685206 0.143717 0.0982585
749 1955070050 69 70 2550000 2552000 2550344 2551567 -0.113136 -0.269856
749 1955070050 71 69 2645000 2647000 2645487 2646113 0.0878444 -0.0136365
749 1955070050 64 71 2766000 2768000 2766881 2767541 0.0873405 0.0878444
749 1955070050 65 64 3900000 3902000 3900619 3901505 0.0983259 0.0873405
749 1955070050 64 65 4413000 4416000 4414130 4415083 0.0825553 0.0833279
749 1955070050 71 64 4777000 4778000 4777019 4777757 0.11223 0.0807218
749 1955070050 65 71 5037000 5039000 5037729 5038263 0.0780548 0.11378
753 49297725 60 56 4663000 4665000 4663278 4664410 -0.157041 -0.0615745
753 49297725 61 60 4971000 4974000 4971939 4973042 -0.0318169 -0.0619828
754 18107009 55 49 3965000 3969000 3965347 3968881 0.0967019 0.185505
754 18107009 49 55 3979000 3981000 3979627 3980432 -0.137554 -5.38064e-05
754 18107009 48 49 4335000 4336000 4335329 4335840 -0.200885 -0.137554
754 18107009 55 49 5155000 5158000 5155503 5157830 -0.00137765 -0.131431
765 3454232625 49 48 5414000 5416000 5414505 5415143 -0.0985817 -0.328419
769 2743637716 64 65 1455000 1457000 1455669 1456467 -0.163717 -0.171982
769 2743637716 65 64 1880000 1882000 1880759 1881828 0.00488688 -0.254392
769 2743637716 64 65 1954000 1955000 1954408 1954857 -0.150924 0.00488688
769 2743637716 65 64 2364000 2365000 2364186 2364866 0.0582029 -0.150924
769 2743637716 68 65 2382000 2385000 2383853 2384500 -0.295006 0.0582029
769 2743637716 70 68 2717000 2718000 2717069 2717578 0.0898588 -0.20886
769 2743637716 41 70 2828000 2829000 2828114 2828895 -0.116936 0.0898588
769 2743637716 64 41 4691000 4692000 4691175 4691741 -0.1231 0.015416
769 2743637716 40 64 4694000 4696000 4694072 4695575 0.100715 -0.1231
769 2743637716 71 65 5100000 5102000 5100688 5101548 0.0958281 0.0326912
777 3926387905 41 40 4173000 4175000 4173249 4174602 0.122515 0.0499199
777 3926387905 40 41 4461000 4463000 4461501 4462815 -0.0118698 0.122515
777 3926387905 47 41 4697000 4699000 4697484 4698206 -0.0241077 0.133243
784 1797553627 41 40 4917000 4918000 4917093 4917842 0.0221983 0.0541533
787 3995215962 62 56 5106000 5109000 5106483 5108477 0.158339 -0.206186
795 1196626952 56 40 570000 572000 570941 571306 0.0981858 -0.217976
798 2911177800 48 49 2566000 2568000 2566781 2567288 0.145616 0.317377
811 2325377600 70 65 1575000 1583000 1575483 1582676 0.31614 0.108936
811 2325377600 64 70 2446000 2447000 2446251 2446987 -0.0988508 0.180656
811 2325377600 69 64 2808000 2814000 2808831 2812371 -0.116119 -0.0988508
811 2325377600 60 69 3044000 3047000 3045375 3046301 -0.050978 -0.0484614
811 2325377600 63 60 3052000 3055000 3052905 3054004 0.431329 -0.050978
811 2325377600 40 63 3068000 3072000 3070232 3071027 -0.119553 0.431329
811 2325377600 48 40 3091000 3092000 3091293 3091912 -0.0688207 -0.119553
811 2325377600 47 48 3147000 3149000 3147861 3148940 -0.28143 -0.0688207
811 2325377600 68 47 3192000 3195000 3192461 3194441 0.0422289 -0.28143
811 2325377600 66 60 3262000 3265000 3262724 3263467 -0.0358078 0.0323405
811 2325377600 48 66 3279000 3281000 3279068 3280109 -0.0653196 -0.0358078
811 2325377600 70 48 3282000 3284000 3282658 3283157 0.434316 -0.0653196
811 2325377600 63 70 3612000 3616000 3612727 3615589 0.273519 0.338021
811 2325377600 64 63 3744000 3747000 3744899 3746496 -0.0956561 0.243108
811 2325377600 63 64 3980000 3982000 3980227 3981548 0.451589 0
811 2325377600 56 63 4262000 4263000 4262050 4262996 -0.0055812 0.451589
811 2325377600 71 56 4358000 4360000 4358825 4359686 0.152041 -0.0055812
811 2325377600 70 71 4461000 4463000 4461536 4462128 0.339605 0.0779766
811 2325377600 57 70 4856000 4863000 4856547 4857681 -0.075032 0.339605
811 2325377600 64 57 4951000 4960000 4958182 4959579 -0.0199106 -0.0304401
811 2325377600 71 61 5636000 5639000 5636740 5637085 0.0788061 -0.183813
811 2325377600 57 71 5683000 5685000 5683250 5683892 -0.166814 0.0788061
814 313314848 70 65 1900000 1902000 1900361 1901378 0.0669527 0.163394
814 313314848 64 70 2028000 2030000 2028083 2029603 -0.00259773 -0.0277204
814 313314848 65 64 2066000 2069000 2066966 2068004 -0.247536 -0.00259773
814 313314848 64 65 4735000 4737000 4735276 4736746 0.00412698 -0.326539
819 2281440016 56 52 4328000 4330000 4328273 4329568 0.113272 -0.586485
819 2281440016 63 56 4743000 4745000 4743842 4744293 0.276616 0.113272
819 2281440016 60 63 4859000 4861000 4859732 4860654 -0.00550346 0.272499
824 3573557643 41 56 4007000 4009000 4007740 4008573 0.0950531 -0.00657298
824 3573557643 57 41 4182000 4185000 4182898 4184910 -0.183824 0.0950531
824 3573557643 56 57 4368000 4369000 4368259 4368779 -0.00169895 -0.156469
824 3573557643 57 56 4419000 4422000 4419173 4421282 -0.0185274 0.0925864
824 3573557643 56 57 4995000 4996000 4995014 4995805 -0.0488538 -0.101267
846 1162711847 69 65 2778000 2779000 2778338 2778663 0.0517389 0.100619
846 1162711847 64 69 3286000 3288000 3286420 3287226 0.000520122 0.0689498
846 1162711847 65 64 4713000 4714000 4713444 4713998 0.0964277 0.0245423
857 1562895208 56 57 5209000 5211000 5209329 5210553 0.131009 0.083444
864 3954085467 49 53 1909000 1912000 1909806 1911222 -0.0740773 -0.109235
864 3954085467 49 48 3669000 3672000 3669610 3671542 -0.0491931 -0.166166
865 565941991 46 44 2935000 2938000 2935299 2937045 -0.165787 -0.037763
865 565941991 40 46 2938000 2939000 2938489 2938934 0.0373852 -0.0793238
865 565941991 44 40 3117000 3120000 3117685 3119680 0.314492 0.0373852
865 565941991 62 44 3549000 3556000 3549153 3555094 0.315284 0.2023
865 565941991 57 62 3945000 3947000 3945280 3946928 -0.0458784 0.185019
865 565941991 47 63 4281000 4284000 4282635 4283117 -0.0152034 -0.093449
865 565941991 63 62 4639000 4643000 4640407 4642005 0.0710669 0.315284
865 565941991 60 63 4643000 4646000 4643959 4645174 -0.367402 -0.0135592
865 565941991 61 56 4699000 4701000 4699880 4700859 -0.143362 -0.0377485
865 565941991 57 61 4806000 4809000 4807492 4808837 -0.0255269 -0.143362
865 565941991 45 57 4821000 4825000 4821567 4823268 -0.0441768 0.0401187
865 565941991 41 45 4905000 4906000 4905081 4905929 -0.0512995 -0.0441768
865 565941991 40 41 4923000 4925000 4923069 4924279 -0.145281 -0.0512995
865 565941991 63 40 5017000 5018000 5017008 5017364 0.167415 -0.115927
869 3968535308 60 56 5024000 5026000 5024459 5025159 -0.115848 0.511461
870 3947257830 64 65 5193000 5195000 5193991 5194780 0.192246 0.0184985
873 1158569108 60 57 1510000 1513000 1510592 1512610 -0.0943821 -0.350813
873 1158569108 63 60 1562000 1563000 1562473 1562910 0.14293 -0.00540699
873 1158569108 61 63 1777000 1780000 1777798 1779594 -0.186668 0.0509643
873 1158569108 56 63 2062000 2066000 2062501 2065787 -0.0624362 0.172775
873 1158569108 62 56 2345000 2347000 2345581 2346245 0.0818677 -0.124981
873 1158569108 57 62 2497000 2498000 2497306 2497699 -0.0953406 0.0818677
873 1158569108 45 57 2586000 2588000 2586245 2587516 0.148346 -0.0953406
873 1158569108 56 45 2682000 2684000 2682214 2683239 -0.0920631 0.148346
873 1158569108 60 56 4034000 4041000 4034367 4040622 -0.159229 -0.140209
873 1158569108 56 60 4439000 4441000 4439980 4440780 -0.0632033 -0.256914
883 612700654 70 64 3892000 3893000 3892308 3892881 -0.0459487 0.00727102
883 612700654 69 70 3942000 3944000 3942064 3943028 -0.151168 -0.0459487
883 612700654 65 69 4006000 4009000 4006813 4008374 -0.128714 -0.151168
883 612700654 70 65 4137000 4139000 4137640 4138557 -0.0474642 -0.128714
883 612700654 64 70 4466000 4468000 4466815 4467322 0.0182605 -0.0474642
883 612700654 65 64 4488000 4490000 4488424 4489586 -0.0757127 0.0182605
883 612700654 69 64 4619000 4621000 4619541 4620337 -0.153079 -0.00647536
883 612700654 65 69 4731000 4733000 4731087 4732368 -0.13415 -0.245289
884 687798836 40 41 3325000 3327000 3325775 3326218 0.17363 0.252808
884 687798836 64 40 4002000 4003000 4002065 4002527 -0.126069 0.169884
884 687798836 47 64 4157000 4160000 4157997 4159486 -0.141174 -0.126069
884 687798836 64 41 4305000 4310000 4305218 4309487 0.0477989 -0.08548
884 687798836 41 64 4325000 4330000 4325024 4329625 -0.0907027 0.0477989
884 687798836 53 41 4434000 4437000 4434277 4436330 0.120925 -0.00188442
884 687798836 46 53 4452000 4454000 4452539 4453049 -0.17114 0.0223947
884 687798836 71 46 4536000 4538000 4536421 4537104 0.200462 -0.17114
884 687798836 57 71 4766000 4769000 4766147 4768215 0.0331906 0.200462
884 687798836 64 57 4777000 4779000 4778365 4778890 0.0538675 0.0331906
884 687798836 48 54 5104000 5113000 5105260 5110273 0.147332 -0.165282
884 687798836 43 48 5127000 5129000 5127642 5128144 0.0911854 0.0581725
884 687798836 56 43 5129000 5132000 5129928 5131010 -0.00463016 0.0911854
888 2005589916 65 64 4538000 4542000 4538748 4541146 0.104934 0.261855
889 1480486310 41 40 5087000 5088000 5087169 5087576 0.0931261 0.151013
893 2814045935 68 64 4553000 4555000 4553548 4554797 -0.179777 -0.14846
893 2814045935 65 68 4576000 4578000 4576987 4577622 0.0358309 -0.0631122
893 2814045935 48 71 4932000 4937000 4932972 4935768 -0.0973837 0.231812
893 2814045935 64 48 4937000 4941000 4938790 4940367 -0.0405413 -0.0363536
893 2814045935 71 70 5049000 5051000 5049749 5050755 0.0653443 0.100109
893 2814045935 61 71 5056000 5058000 5056698 5057134 -0.0734997 0.0653443
893 2814045935 47 61 5082000 5086000 5082884 5085214 -0.123407 -0.0734997
893 2814045935 56 47 5089000 5091000 5089736 5090362 -0.0153284 -0.123407
893 2814045935 64 56 5125000 5127000 5125485 5126314 0.00197415 -0.0153284
893 2814045935 68 64 5131000 5134000 5132203 5133541 -0.276513 0.00197415
893 2814045935 71 68 5140000 5142000 5140310 5141315 0.0520758 -0.276513
893 2814045935 68 65 5318000 5320000 5318469 5319514 -0.087205 -0.056574
894 2603256147 57 49 4444000 4447000 4444728 4446489 0.120213 -0.31486
913 144163965 41 40 4412000 4414000 4412537 4413997 0.0870327 0.374352
919 988488113 40 41 5396000 5398000 5396237 5397076 -0.074506 -0.267242
919 988488113 41 40 5405000 5407000 5405592 5406326 -0.0309919 -0.074506
920 3980154018 65 64 1850000 1851000 1850251 1850719 0.117984 0.163006
923 2322722871 40 41 5138000 5140000 5138429 5139214 -0.115713 0.0180961
924 440873043 44 40 4989000 4991000 4989590 4990074 0.304384 0.127221
925 3570193460 61 63 5127000 5130000 5127828 5129161 -0.313776 -0.0426987
925 3570193460 45 61 5351000 5352000 5351077 5351800 0.219847 -0.299677
925 3570193460 57 45 5352000 5354000 5352413 5353238 -0.152118 0.219847
925 3570193460 60 57 5354000 5356000 5354847 5355254 -0.179948 -0.152118
925 3570193460 41 60 5372000 5374000 5372888 5373216 0.120938 -0.179948
951 2803177909 56 57 4997000 5001000 4997078 5000379 0.0665516 0.174682
951 2803177909 60 56 5017000 5019000 5017143 5018622 -0.125736 0
957 3582756486 53 48 3049000 3054000 3049769 3053116 0.235423 0.234691
957 3582756486 54 53 3769000 3772000 3769427 3771126 -0.0914689 0.100855
957 3582756486 49 54 3961000 3963000 3961935 3962500 -0.0223279 -0.0902909
957 3582756486 48 49 3968000 3970000 3968449 3969107 -0.216943 -0.0223279
957 3582756486 49 48 3974000 3978000 3974803 3977020 -0.0299026 -0.216943
957 3582756486 52 49 3993000 3995000 3993944 3994736 0.0450946 -0.0299026
957 3582756486 49 52 4690000 4694000 4690422 4692349 -0.0657169 0.0481845
962 3354917852 53 48 4697000 4700000 4697588 4699187 0.251043 0.332885
962 3354917852 50 53 4735000 4737000 4735445 4736197 -0.0978284 0.164247
962 3354917852 49 50 4783000 4786000 4783737 4785349 -0.0300372 -0.0933245
962 3354917852 55 49 5351000 5355000 5351334 5354775 -0.123305 0.127768
964 2597447611 40 64 6772000 6774000 6772187 6773628 0.169916 -0.747603
964 2597447611 45 63 7131000 7133000 7131966 7132453 0.100593 0.229761
964 2597447611 47 45 7248000 7251000 7248576 7249818 -0.265008 0.100593
964 2597447611 40 47 7536000 7538000 7536139 7537493 0.00991737 -0.265008
964 2597447611 41 40 7568000 7572000 7568856 7571612 -0.133537 0.00991737
964 2597447611 47 41 7650000 7651000 7650474 7650870 -0.276946 -0.145766
964 2597447611 53 40 7866000 7867000 7866215 7866808 -0.0218414 0.0255881
964 2597447611 49 53 7878000 7879000 7878299 7878859 -0.0561598 -0.0218414
964 2597447611 53 60 7938000 7940000 7938995 7939630 0.0147931 -0.0477532
977 758169608 61 57 4960000 4963000 4960920 4962630 -0.228768 -0.320402
977 758169608 46 61 5007000 5008000 5007071 5007434 -0.307261 -0.0807389
977 758169608 56 46 5054000 5055000 5054103 5054981 0.0908613 -0.307261
977 758169608 60 71 5238000 5241000 5238395 5240478 0.0566172 0.162867
985 281002181 53 49 4922000 4925000 4922931 4924923 0.303442 0.104002
985 281002181 54 53 4990000 4993000 4990728 4991721 -0.154841 0.231711
985 281002181 63 54 5003000 5006000 5003639 5005479 0.315834 -0.154841
985 281002181 48 50 5043000 5044000 5043371 5043949 0.0556399 0.167734
986 3062292537 63 56 4413000 4415000 4413876 4414919 0.129594 0.188495
986 3062292537 56 63 4520000 4522000 4520920 4521551 -0.16286 0.030435
986 3062292537 40 58 4721000 4723000 4721998 4722569 -0.0651385 0.0494993
986 3062292537 47 40 4992000 4994000 4993312 4993783 -0.104936 -0.0651385
986 3062292537 58 47 4996000 4999000 4996635 4998059 0.0356912 -0.104936
986 3062292537 57 58 5032000 5035000 5032025 5034219 0.126171 0.0356912
987 1766155548 70 64 1141000 1143000 1141461 1142903 0.24322 0.233547
990 2198276597 56 63 4267000 4269000 4267614 4268264 -0.125459 -0.531599
990 2198276597 57 56 5891000 5895000 5891957 5894743 -0.0874093 -0.11002
999 1063544771 55 48 5105000 5107000 5105308 5106024 0.0497085 0.379024
